#/Users/agconway/Documents/Sunbelt 2010/NetworkX_Intro_Materials/Module_IV_Basic_Analysis/Code/module_IV.py
# GMT Thu Jun  3 20:56:54 2010
# Subgraph of ()
1 9 2 10 
2 10 143 9 
3 225 242 7 
4 152 209 268 7 
5 132 
6 272 150 
7 9 
8 64 82 115 106 
9 
10 16 176 
11 218 133 
13 214 
14 24 52 214 
15 169 42 
16 19 21 
17 64 78 
18 56 103 19 163 55 
19 92 30 
20 64 66 40 180 23 58 
21 22 
22 64 226 67 106 23 
23 48 64 
24 122 31 
27 115 
28 29 
29 84 74 132 
30 132 133 188 208 49 50 116 58 92 95 
31 32 122 147 233 
32 123 86 
34 43 35 37 
35 43 213 190 
36 187 132 
37 282 211 90 38 
38 128 43 42 107 207 210 213 182 190 
40 
42 
43 231 
45 107 
46 72 61 
47 50 
48 
49 64 115 108 243 
50 64 67 68 197 70 208 163 55 185 58 187 188 125 
52 224 218 
54 210 191 111 
55 65 67 105 108 222 
56 64 
57 65 125 
58 103 104 76 180 
61 
63 125 
64 256 70 78 
65 229 200 187 252 254 
66 84 106 125 
67 113 
68 230 218 78 234 
70 
71 72 
72 171 94 
74 75 215 
75 96 195 285 215 
76 104 
77 104 82 103 
78 
80 97 210 207 
82 97 163 83 
83 243 226 
84 154 
86 98 91 100 150 
87 101 189 
89 90 189 94 
90 94 
91 
92 106 
94 
95 232 
96 256 249 275 183 
97 128 
98 
99 233 
100 175 
101 
103 104 
104 
105 
106 
107 114 122 
108 
111 128 121 210 
113 258 201 242 253 
114 
115 170 
116 140 
118 129 138 191 
121 128 
122 207 190 
123 
124 244 207 
125 132 
126 163 180 
128 147 149 
129 138 191 
132 
133 
134 153 150 135 
135 
137 144 146 
138 
140 
141 163 157 
143 
144 165 
146 171 148 165 169 
147 
148 165 169 171 149 282 
149 172 192 167 
150 
152 
153 
154 155 
155 
156 161 202 250 
157 
161 
163 
165 
167 192 
169 171 
170 202 173 183 
171 182 214 
172 191 
173 
175 
176 
180 
182 190 
183 280 270 
185 
187 
188 197 
189 
190 
191 
192 
195 
197 
198 218 221 222 
200 220 
201 
202 
203 232 
206 280 
207 210 
208 
209 
210 
211 
213 214 
214 
215 
218 222 
220 
221 
222 
224 
225 
226 
229 
230 234 
231 
232 
233 
234 
237 244 
242 
243 
244 
249 
250 
252 
253 
254 
256 
258 
268 
270 
272 
275 
280 
282 
285 290 
290 293 
293 
